18 19
815 392
903 438
927 686
148 669
71 239
239 75
738 337
523 955
815 366
257 884
760 173
891 454
237 438
754 65
902 303
582 573
913 693
640 635
570 606
188 894
516 107
467 21
666 915
972 388
687 615
683 677
787 376
10 161
585 361
964 326
889 653
211 90
591 285
786 627
780 674
894 382
855 399


13 5
659 223
606 872
755 33
850 545
56 298
394 240
780 785
822 320
68 239
493 15
603 982
647 450
529 174
561 60
999 452
770 883
266 83
96 545

5 2
0 0
0 10
10 0
10 10
3 4
5 6
2 7

caso 4
1 1
0 0
1 1


CASO 3
4 2
0 0
0 10
10 0
10 10
3 2
6 7


CASO 2
4 1
0 0
0 10
10 0
10 10
3 4


CASO 1
4 1
0 0
0 10
10 0
10 10
100 120